label_id	anchor_x	anchor_y	bb_min_x	bb_min_y	bb_max_x	bb_max_y	n_pixels
1.0	320.3181818181818	842.9545454545455	316.0	840.0	326.0	847.0	44.0
2.0	420.3	847.0	417.0	844.0	425.0	851.0	40.0
3.0	390.2156862745098	1.7647058823529411	384.0	0.0	397.0	6.0	51.0
4.0	263.3157894736842	803.3533834586466	256.0	798.0	271.0	811.0	133.0
5.0	411.025	770.9	408.0	768.0	415.0	775.0	40.0
6.0	324.18367346938777	853.2857142857143	320.0	849.0	329.0	858.0	49.0
7.0	347.38461538461536	795.5128205128206	345.0	792.0	351.0	800.0	39.0
8.0	903.0877192982456	2.1403508771929824	897.0	0.0	910.0	6.0	57.0
9.0	926.4096385542168	635.6325301204819	922.0	621.0	930.0	650.0	166.0
10.0	252.0888888888889	788.8888888888889	248.0	786.0	257.0	793.0	45.0
11.0	298.328125	873.65625	294.0	869.0	303.0	879.0	64.0
12.0	358.6578947368421	849.3947368421053	355.0	846.0	363.0	854.0	38.0
13.0	311.8918918918919	846.8648648648649	308.0	844.0	316.0	851.0	37.0
14.0	301.07142857142856	886.125	296.0	882.0	306.0	892.0	56.0
15.0	230.22413793103448	301.1896551724138	226.0	297.0	235.0	306.0	58.0
16.0	294.1136363636364	863.1590909090909	291.0	859.0	298.0	868.0	44.0
17.0	369.16129032258067	800.6129032258065	366.0	796.0	374.0	807.0	62.0
18.0	330.5	915.9722222222222	327.0	913.0	335.0	920.0	36.0
19.0	287.55	870.025	284.0	867.0	292.0	874.0	40.0
20.0	306.025	903.5	303.0	900.0	310.0	908.0	40.0
21.0	504.74725274725273	260.84615384615387	500.0	255.0	511.0	269.0	91.0
22.0	333.02222222222224	874.0	330.0	870.0	337.0	879.0	45.0
23.0	478.1297297297297	219.97837837837838	470.0	211.0	491.0	232.0	185.0
24.0	323.6304347826087	862.0217391304348	320.0	858.0	328.0	867.0	46.0
25.0	80.74193548387096	534.8755760368664	65.0	526.0	92.0	542.0	217.0
26.0	376.5975609756098	920.0121951219512	373.0	914.0	382.0	927.0	82.0
27.0	215.710407239819	635.0226244343892	208.0	626.0	224.0	645.0	221.0
28.0	264.9577464788732	713.1267605633802	261.0	708.0	271.0	719.0	71.0
29.0	288.2530120481928	814.4789156626506	279.0	801.0	300.0	827.0	332.0
30.0	284.57251908396944	794.1145038167939	278.0	788.0	292.0	801.0	131.0
31.0	363.04	860.54	359.0	857.0	368.0	865.0	50.0
32.0	532.6138613861386	2.5544554455445545	523.0	0.0	542.0	7.0	101.0
33.0	127.6842105263158	1019.8210526315789	121.0	1015.0	136.0	1024.0	95.0
34.0	321.468992248062	111.13565891472868	311.0	102.0	331.0	121.0	258.0
35.0	399.92792792792795	733.7117117117117	395.0	727.0	406.0	742.0	111.0
36.0	82.12871287128714	692.549504950495	75.0	684.0	91.0	703.0	202.0
37.0	4.432773109243698	115.4327731092437	0.0	101.0	11.0	129.0	238.0
38.0	374.4429223744292	755.4977168949772	367.0	747.0	384.0	764.0	219.0
39.0	228.18340611353713	5.462882096069869	217.0	0.0	240.0	14.0	229.0
40.0	384.65128205128207	744.4461538461538	376.0	738.0	396.0	752.0	195.0
41.0	566.4756097560976	582.7560975609756	560.0	576.0	574.0	591.0	164.0
42.0	3.5641025641025643	984.3931623931624	0.0	977.0	9.0	994.0	117.0
43.0	233.46	390.06	230.0	386.0	238.0	395.0	50.0
44.0	551.0	3.0689655172413794	544.0	0.0	559.0	8.0	87.0
45.0	4.1455696202531644	27.430379746835442	0.0	17.0	11.0	38.0	158.0
46.0	246.30379746835442	817.25	234.0	808.0	259.0	828.0	316.0
47.0	392.6907894736842	755.0855263157895	384.0	750.0	402.0	761.0	152.0
48.0	5.983739837398374	174.58943089430895	0.0	163.0	15.0	185.0	246.0
49.0	103.22622107969151	8.038560411311053	89.0	0.0	119.0	18.0	389.0
50.0	4.705555555555556	225.26666666666668	0.0	216.0	12.0	236.0	180.0
51.0	115.12671232876713	199.03424657534248	102.0	192.0	129.0	207.0	292.0
52.0	326.54716981132077	882.3018867924528	322.0	879.0	332.0	887.0	53.0
53.0	228.06185567010309	382.7319587628866	223.0	377.0	235.0	389.0	97.0
54.0	74.74111675126903	4.949238578680203	64.0	0.0	85.0	13.0	197.0
55.0	347.21794871794873	6.246794871794871	336.0	0.0	362.0	15.0	312.0
56.0	331.2916666666667	900.1805555555555	325.0	897.0	338.0	905.0	72.0
57.0	186.298755186722	1018.6804979253112	172.0	1012.0	200.0	1024.0	241.0
58.0	49.12820512820513	253.02991452991452	35.0	245.0	60.0	263.0	234.0
59.0	423.1019417475728	393.6116504854369	414.0	385.0	433.0	402.0	206.0
60.0	266.9509202453988	832.2678936605317	252.0	821.0	284.0	845.0	489.0
61.0	267.7818181818182	816.0227272727273	259.0	808.0	278.0	824.0	220.0
62.0	72.55172413793103	683.2068965517242	68.0	678.0	78.0	689.0	87.0
63.0	221.0943396226415	847.5534591194969	209.0	839.0	235.0	857.0	318.0
64.0	293.35714285714283	893.4910714285714	287.0	888.0	301.0	900.0	112.0
65.0	407.9035087719298	742.9912280701755	403.0	736.0	414.0	751.0	114.0
66.0	507.10552763819095	399.83417085427135	500.0	391.0	515.0	410.0	199.0
67.0	637.995238095238	320.0952380952381	630.0	313.0	648.0	329.0	210.0
68.0	449.2919708029197	514.3503649635037	443.0	508.0	459.0	523.0	137.0
69.0	925.7986577181208	814.1006711409397	921.0	803.0	930.0	826.0	149.0
70.0	44.711974110032365	968.8737864077669	32.0	962.0	58.0	977.0	309.0
71.0	450.3390804597701	786.0574712643678	441.0	780.0	461.0	792.0	174.0
72.0	287.33620689655174	681.6580459770115	273.0	672.0	301.0	691.0	348.0
73.0	627.0296052631579	206.6940789473684	618.0	195.0	637.0	219.0	304.0
74.0	738.7803468208092	9.471098265895954	729.0	0.0	751.0	22.0	346.0
75.0	83.13134328358208	1005.9940298507463	74.0	993.0	91.0	1020.0	335.0
76.0	34.248	1016.836	24.0	1009.0	45.0	1024.0	250.0
77.0	684.4333333333333	34.52857142857143	677.0	27.0	694.0	44.0	210.0
78.0	513.1508620689655	387.23275862068965	504.0	380.0	524.0	396.0	232.0
79.0	368.53435114503816	731.6984732824427	357.0	725.0	381.0	739.0	262.0
80.0	386.39408866995075	922.9901477832512	380.0	915.0	395.0	932.0	203.0
81.0	922.5091743119266	352.3119266055046	914.0	345.0	930.0	362.0	218.0
82.0	728.5508021390374	671.7620320855615	715.0	661.0	742.0	683.0	374.0
83.0	95.0423940149626	65.9077306733167	85.0	51.0	106.0	79.0	401.0
84.0	688.6812749003984	110.74900398406375	680.0	101.0	696.0	124.0	251.0
85.0	626.3212669683257	558.9253393665158	616.0	544.0	638.0	575.0	442.0
86.0	632.9130434782609	758.1422924901186	623.0	751.0	644.0	767.0	253.0
87.0	746.9345088161209	884.1788413098237	740.0	866.0	755.0	902.0	397.0
88.0	697.3413461538462	55.33653846153846	691.0	46.0	705.0	66.0	208.0
89.0	638.4455128205128	711.0064102564103	630.0	698.0	647.0	723.0	312.0
90.0	767.6277056277056	29.32900432900433	759.0	21.0	777.0	40.0	231.0
91.0	274.08597285067873	704.3122171945702	268.0	695.0	282.0	715.0	221.0
92.0	72.5233644859813	1017.9532710280374	63.0	1011.0	84.0	1024.0	214.0
93.0	332.6317365269461	743.0598802395209	321.0	734.0	346.0	754.0	334.0
94.0	414.4458333333333	426.6333333333333	406.0	417.0	423.0	437.0	240.0
95.0	306.6468253968254	170.3452380952381	298.0	160.0	316.0	181.0	252.0
96.0	616.1875	349.6770833333333	607.0	340.0	627.0	361.0	288.0
97.0	269.2997347480106	777.580901856764	259.0	766.0	280.0	790.0	377.0
98.0	692.8938906752412	705.6430868167203	683.0	695.0	704.0	718.0	311.0
99.0	286.7798165137615	1015.0795107033639	275.0	1006.0	298.0	1024.0	327.0
100.0	814.3665594855305	175.18649517684887	802.0	168.0	828.0	184.0	311.0
101.0	845.7661971830986	890.1492957746478	835.0	879.0	859.0	904.0	355.0
102.0	728.650289017341	75.61560693641619	721.0	63.0	739.0	90.0	346.0
103.0	227.75652173913045	816.3521739130434	218.0	802.0	238.0	832.0	460.0
104.0	333.87628865979383	147.01030927835052	326.0	136.0	343.0	159.0	291.0
105.0	491.3710247349823	163.19434628975264	484.0	152.0	500.0	176.0	283.0
106.0	815.3456221198156	39.69585253456221	801.0	31.0	824.0	52.0	217.0
107.0	433.1902268760908	910.6649214659686	422.0	894.0	446.0	927.0	573.0
108.0	27.98095238095238	554.5904761904762	21.0	546.0	37.0	565.0	210.0
109.0	38.4	536.5073170731707	30.0	528.0	48.0	547.0	205.0
110.0	138.76451612903224	443.2096774193548	130.0	432.0	148.0	455.0	310.0
111.0	270.49134948096884	597.4532871972318	263.0	586.0	279.0	610.0	289.0
112.0	748.1862464183381	272.2320916905444	735.0	264.0	762.0	280.0	349.0
113.0	500.719512195122	274.3089430894309	492.0	265.0	509.0	285.0	246.0
114.0	390.77564102564105	720.9615384615385	384.0	713.0	398.0	729.0	156.0
115.0	522.9111111111112	365.8407407407407	516.0	355.0	532.0	378.0	270.0
116.0	655.6459330143541	338.22966507177034	646.0	331.0	665.0	346.0	209.0
117.0	665.093670886076	163.48354430379746	653.0	152.0	678.0	176.0	395.0
118.0	318.85714285714283	702.9633699633699	312.0	691.0	326.0	717.0	273.0
119.0	230.4472049689441	739.22049689441	222.0	727.0	241.0	752.0	322.0
120.0	912.6659663865546	620.5147058823529	903.0	605.0	924.0	636.0	476.0
121.0	63.62982005141388	481.73521850899743	56.0	468.0	74.0	498.0	389.0
122.0	80.72519083969466	44.24809160305343	71.0	35.0	92.0	54.0	262.0
123.0	654.2577319587629	31.554123711340207	643.0	21.0	667.0	42.0	388.0
124.0	642.712158808933	363.51861042183623	631.0	352.0	658.0	373.0	403.0
125.0	781.9306569343066	928.2919708029198	774.0	916.0	790.0	941.0	274.0
126.0	196.18840579710144	396.1847826086956	185.0	388.0	207.0	405.0	276.0
127.0	172.89655172413794	473.6810344827586	165.0	464.0	182.0	483.0	232.0
128.0	605.9328165374677	123.56072351421189	593.0	111.0	617.0	138.0	387.0
129.0	44.2655601659751	50.86721991701245	36.0	42.0	53.0	61.0	241.0
130.0	234.83076923076922	642.5589743589744	228.0	634.0	242.0	652.0	195.0
131.0	233.1275720164609	236.13168724279836	223.0	229.0	244.0	244.0	243.0
132.0	436.3876811594203	404.8731884057971	429.0	394.0	445.0	416.0	276.0
133.0	187.15463917525773	92.15807560137458	179.0	79.0	196.0	104.0	291.0
134.0	34.549549549549546	940.4774774774775	23.0	932.0	47.0	951.0	333.0
135.0	318.36538461538464	11.228632478632479	306.0	0.0	332.0	25.0	468.0
136.0	463.2091503267974	516.1339869281046	452.0	507.0	474.0	527.0	306.0
137.0	56.669291338582674	283.0236220472441	49.0	273.0	65.0	294.0	254.0
138.0	798.4380165289256	959.4876033057851	789.0	951.0	810.0	967.0	242.0
139.0	910.9534050179211	16.200716845878137	901.0	7.0	921.0	26.0	279.0
140.0	174.84375	384.9479166666667	167.0	378.0	183.0	393.0	192.0
141.0	814.0435967302452	22.708446866485012	801.0	14.0	827.0	32.0	367.0
142.0	817.1223021582733	591.0035971223022	809.0	580.0	826.0	602.0	278.0
143.0	229.54158607350098	1011.1334622823985	218.0	998.0	242.0	1024.0	517.0
144.0	100.16494845360825	37.86254295532646	89.0	30.0	113.0	47.0	291.0
145.0	647.7189349112426	202.72781065088756	636.0	193.0	660.0	213.0	338.0
146.0	831.5523012552301	306.1757322175732	824.0	297.0	840.0	316.0	239.0
147.0	439.16987740805604	637.6725043782837	425.0	624.0	454.0	651.0	571.0
148.0	777.0833333333334	47.46078431372549	770.0	40.0	787.0	56.0	204.0
149.0	548.2180232558139	375.1075581395349	537.0	365.0	560.0	387.0	344.0
150.0	191.26058631921825	334.7068403908795	183.0	324.0	200.0	346.0	307.0
151.0	337.8	122.73170731707317	329.0	116.0	348.0	131.0	205.0
152.0	704.6503759398496	342.54135338345867	695.0	332.0	714.0	353.0	266.0
153.0	524.360594795539	423.97026022304834	514.0	416.0	535.0	433.0	269.0
154.0	108.36195286195286	176.36195286195286	90.0	164.0	126.0	187.0	594.0
155.0	268.59815950920245	14.05521472392638	260.0	3.0	279.0	27.0	326.0
156.0	835.2112676056338	56.68544600938967	826.0	50.0	846.0	64.0	213.0
157.0	623.137339055794	323.90557939914163	616.0	315.0	632.0	334.0	233.0
158.0	630.355623100304	466.8632218844985	620.0	456.0	643.0	477.0	329.0
159.0	382.24703087885985	886.7244655581948	370.0	877.0	397.0	897.0	421.0
160.0	277.103125	34.95625	265.0	27.0	290.0	44.0	320.0
161.0	192.62114537444933	233.55066079295153	184.0	218.0	204.0	250.0	454.0
162.0	601.283950617284	540.5761316872428	590.0	525.0	613.0	555.0	486.0
163.0	867.0656167979002	12.146981627296588	857.0	0.0	878.0	25.0	381.0
164.0	132.38071065989848	988.4873096446701	125.0	981.0	141.0	997.0	197.0
165.0	307.6666666666667	101.51388888888889	301.0	90.0	316.0	115.0	288.0
166.0	622.0088495575221	99.99115044247787	613.0	88.0	632.0	113.0	339.0
167.0	35.318471337579616	201.28980891719746	27.0	190.0	45.0	214.0	314.0
168.0	317.03217158176943	678.4530831099196	307.0	667.0	329.0	692.0	373.0
169.0	920.3597733711048	932.6345609065156	910.0	922.0	930.0	943.0	353.0
170.0	721.6086956521739	15.209486166007904	714.0	5.0	731.0	26.0	253.0
171.0	350.2035087719298	753.5315789473684	339.0	739.0	363.0	770.0	570.0
172.0	478.7859078590786	491.53929539295393	464.0	483.0	494.0	501.0	369.0
173.0	249.64795918367346	246.26530612244898	241.0	238.0	259.0	254.0	196.0
174.0	711.9316455696203	461.0	700.0	452.0	727.0	472.0	395.0
175.0	845.5265486725664	32.77433628318584	835.0	26.0	856.0	41.0	226.0
176.0	788.880658436214	23.333333333333332	778.0	16.0	799.0	33.0	243.0
177.0	865.4221556886228	1015.3053892215569	855.0	1006.0	878.0	1024.0	334.0
178.0	313.2700729927007	945.7664233576643	306.0	940.0	322.0	952.0	137.0
179.0	107.03550295857988	935.3668639053254	97.0	925.0	119.0	947.0	338.0
180.0	58.553264604811	62.893470790378004	49.0	52.0	70.0	74.0	291.0
181.0	460.8299120234604	243.17888563049854	452.0	231.0	471.0	256.0	341.0
182.0	422.3032258064516	479.2548387096774	411.0	470.0	434.0	489.0	310.0
183.0	673.6498951781971	698.8029350104822	657.0	690.0	689.0	710.0	477.0
184.0	448.4909090909091	172.05454545454546	439.0	163.0	459.0	181.0	275.0
185.0	433.75135135135133	853.2702702702703	425.0	846.0	443.0	860.0	185.0
186.0	233.16463414634146	284.7134146341463	225.0	273.0	243.0	298.0	328.0
187.0	49.38513513513514	139.77027027027026	40.0	129.0	59.0	151.0	296.0
188.0	859.2215189873418	255.19303797468353	849.0	245.0	870.0	266.0	316.0
189.0	286.9736147757256	131.15303430079155	276.0	119.0	298.0	143.0	379.0
190.0	299.26335877862596	768.8683206106871	287.0	757.0	314.0	783.0	524.0
191.0	77.48039215686275	730.2418300653595	68.0	721.0	88.0	741.0	306.0
192.0	577.7326086956522	487.99782608695654	563.0	478.0	593.0	499.0	460.0
193.0	288.1	633.3285714285714	280.0	623.0	297.0	644.0	280.0
194.0	204.20359281437126	14.95808383233533	197.0	9.0	212.0	22.0	167.0
195.0	451.4475138121547	532.0801104972376	440.0	522.0	465.0	542.0	362.0
196.0	419.0823970037453	380.5280898876405	411.0	371.0	429.0	391.0	267.0
197.0	301.36266666666666	78.68533333333333	292.0	66.0	312.0	91.0	375.0
198.0	517.3324022346369	182.9832402234637	508.0	172.0	529.0	196.0	358.0
199.0	326.7395498392283	92.79421221864952	316.0	84.0	338.0	102.0	311.0
200.0	526.980198019802	20.443564356435644	512.0	11.0	543.0	31.0	505.0
201.0	787.1189189189189	57.28648648648649	779.0	50.0	795.0	65.0	185.0
202.0	725.6753246753246	109.17207792207792	716.0	99.0	737.0	120.0	308.0
203.0	652.8367346938776	113.17784256559767	642.0	101.0	663.0	125.0	343.0
204.0	379.1114457831325	121.94277108433735	370.0	111.0	389.0	135.0	332.0
205.0	495.56468531468533	610.4632867132867	485.0	593.0	508.0	627.0	572.0
206.0	525.5754385964913	446.11578947368423	518.0	435.0	535.0	458.0	285.0
207.0	605.0453400503778	715.4181360201511	596.0	702.0	616.0	729.0	397.0
208.0	14.258426966292134	1003.3280898876404	0.0	992.0	30.0	1014.0	445.0
209.0	591.4490644490644	502.5322245322245	577.0	492.0	608.0	514.0	481.0
210.0	506.24225352112677	144.84225352112676	495.0	136.0	518.0	157.0	355.0
211.0	74.1891891891892	509.7933227344992	62.0	491.0	84.0	534.0	629.0
212.0	343.515873015873	489.95238095238096	334.0	477.0	353.0	504.0	378.0
213.0	570.5137157107232	332.34912718204487	560.0	320.0	582.0	346.0	401.0
214.0	711.7758620689655	311.1465517241379	702.0	302.0	723.0	321.0	232.0
215.0	569.0485074626865	366.7089552238806	561.0	356.0	578.0	378.0	268.0
216.0	503.2554744525547	313.4890510948905	495.0	304.0	513.0	325.0	274.0
217.0	37.34701492537314	260.1865671641791	28.0	251.0	48.0	271.0	268.0
218.0	419.45381526104416	308.67469879518075	411.0	299.0	428.0	319.0	249.0
219.0	537.3950177935943	63.144128113879006	520.0	52.0	555.0	74.0	562.0
220.0	252.23140495867767	565.0523415977962	243.0	553.0	262.0	578.0	363.0
221.0	426.19525065963063	263.67018469656995	416.0	252.0	437.0	278.0	379.0
222.0	578.0752475247525	441.66732673267325	563.0	431.0	594.0	453.0	505.0
223.0	325.9535714285714	227.32142857142858	315.0	219.0	338.0	236.0	280.0
224.0	711.609756097561	66.80139372822299	703.0	57.0	722.0	77.0	287.0
225.0	401.97134670487105	65.19770773638969	392.0	52.0	413.0	77.0	349.0
226.0	681.5216284987278	459.4503816793893	668.0	448.0	694.0	470.0	393.0
227.0	307.22838137472286	812.2017738359202	294.0	802.0	321.0	824.0	451.0
228.0	398.80981595092027	444.83435582822085	388.0	435.0	410.0	456.0	326.0
229.0	409.12074303405575	940.7089783281734	399.0	930.0	420.0	952.0	323.0
230.0	629.0854572713644	532.4002998500749	612.0	520.0	645.0	547.0	667.0
231.0	57.09349593495935	938.9430894308944	47.0	931.0	67.0	947.0	246.0
232.0	374.48397435897436	101.60897435897436	365.0	92.0	386.0	112.0	312.0
233.0	500.2457337883959	790.9146757679181	488.0	783.0	513.0	799.0	293.0
234.0	721.2544642857143	139.20982142857142	707.0	129.0	736.0	150.0	448.0
235.0	541.2470308788598	281.3586698337292	532.0	268.0	552.0	295.0	421.0
236.0	514.8342696629213	599.564606741573	505.0	589.0	527.0	612.0	356.0
237.0	663.1616541353384	139.76315789473685	655.0	130.0	673.0	150.0	266.0
238.0	281.4806629834254	236.4254143646409	274.0	229.0	290.0	244.0	181.0
239.0	766.9702602230483	941.4832713754647	760.0	931.0	775.0	953.0	269.0
240.0	183.13087248322148	457.7281879194631	173.0	449.0	194.0	467.0	298.0
241.0	532.8434065934066	148.21153846153845	523.0	136.0	543.0	161.0	364.0
242.0	472.69605568445473	433.4106728538283	461.0	422.0	485.0	447.0	431.0
243.0	19.895238095238096	77.41428571428571	12.0	68.0	28.0	87.0	210.0
244.0	636.6008064516129	577.6612903225806	628.0	569.0	647.0	587.0	248.0
245.0	245.13492063492063	197.54365079365078	236.0	189.0	255.0	207.0	252.0
246.0	713.1355932203389	181.9636803874092	700.0	172.0	727.0	193.0	413.0
247.0	218.24522292993632	428.7356687898089	210.0	418.0	228.0	441.0	314.0
248.0	109.96363636363637	689.5515151515151	101.0	679.0	121.0	701.0	330.0
249.0	534.9116719242902	125.33438485804416	524.0	116.0	546.0	136.0	317.0
250.0	645.4517647058824	450.40705882352944	634.0	439.0	658.0	463.0	425.0
251.0	440.528	49.38666666666666	432.0	37.0	451.0	62.0	375.0
252.0	75.63620689655173	99.0551724137931	60.0	87.0	90.0	116.0	580.0
253.0	579.4424778761062	397.20353982300884	569.0	388.0	591.0	409.0	339.0
254.0	631.9813664596273	224.99689440993788	621.0	216.0	644.0	235.0	322.0
255.0	848.7206703910615	951.6201117318436	837.0	942.0	861.0	962.0	358.0
256.0	612.0326797385621	578.1928104575163	602.0	569.0	623.0	588.0	306.0
257.0	732.4890965732087	291.4361370716511	722.0	282.0	744.0	301.0	321.0
258.0	668.3639846743295	328.3448275862069	660.0	318.0	678.0	339.0	261.0
259.0	150.24463519313304	90.63519313304721	141.0	84.0	161.0	100.0	233.0
260.0	825.1310043668122	559.4454148471616	818.0	550.0	833.0	569.0	229.0
261.0	198.78346456692913	432.0511811023622	191.0	422.0	207.0	442.0	254.0
262.0	645.763440860215	479.27150537634407	635.0	468.0	658.0	492.0	372.0
263.0	461.4553014553015	216.15592515592516	450.0	203.0	474.0	230.0	481.0
264.0	776.3070175438596	154.80701754385964	768.0	147.0	786.0	164.0	228.0
265.0	761.5424354243543	149.73431734317344	754.0	139.0	771.0	161.0	271.0
266.0	443.7609427609428	240.76430976430976	434.0	230.0	454.0	251.0	297.0
267.0	666.8766233766233	14.720779220779221	657.0	5.0	677.0	25.0	308.0
268.0	132.99624060150376	143.90977443609023	122.0	137.0	144.0	153.0	266.0
269.0	336.2608695652174	206.28804347826087	326.0	195.0	348.0	218.0	368.0
270.0	585.4130434782609	731.8623188405797	576.0	723.0	596.0	742.0	276.0
271.0	357.6255707762557	548.8219178082192	347.0	535.0	368.0	563.0	438.0
272.0	195.31687242798353	125.60493827160494	187.0	117.0	205.0	135.0	243.0
273.0	361.5124223602484	131.6801242236025	353.0	120.0	372.0	144.0	322.0
274.0	470.3265306122449	171.6377551020408	460.0	160.0	482.0	184.0	392.0
275.0	858.1984282907662	903.0353634577604	847.0	888.0	869.0	919.0	509.0
276.0	157.010395010395	223.7047817047817	145.0	210.0	169.0	239.0	481.0
277.0	749.7781456953643	40.54635761589404	739.0	31.0	761.0	51.0	302.0
278.0	812.9816272965879	883.0524934383202	801.0	874.0	826.0	894.0	381.0
279.0	150.7696335078534	364.369982547993	136.0	352.0	166.0	377.0	573.0
280.0	512.6340057636887	549.0259365994236	503.0	538.0	522.0	563.0	347.0
281.0	577.6558265582656	714.4119241192412	566.0	704.0	590.0	725.0	369.0
282.0	121.37966101694916	646.6406779661017	114.0	635.0	131.0	659.0	295.0
283.0	449.5568862275449	594.7445109780439	436.0	583.0	464.0	607.0	501.0
284.0	545.885775862069	547.1616379310345	535.0	534.0	558.0	561.0	464.0
285.0	388.1194029850746	37.62313432835821	376.0	30.0	400.0	45.0	268.0
286.0	310.25482625482624	132.1081081081081	300.0	125.0	322.0	141.0	259.0
287.0	110.55663430420712	434.37216828478967	100.0	425.0	122.0	444.0	309.0
288.0	78.24347826086957	271.5188405797102	67.0	262.0	91.0	281.0	345.0
289.0	788.9818652849741	594.0103626943005	780.0	581.0	799.0	608.0	386.0
290.0	790.996923076923	180.1169230769231	780.0	171.0	803.0	190.0	325.0
291.0	780.4477611940298	963.4626865671642	773.0	955.0	789.0	973.0	201.0
292.0	76.74121405750799	63.99041533546326	64.0	55.0	88.0	74.0	313.0
293.0	724.0	243.29658792650918	714.0	232.0	735.0	256.0	381.0
294.0	602.8409785932722	148.25688073394497	591.0	131.0	616.0	166.0	654.0
295.0	462.61655172413793	126.10896551724137	445.0	113.0	483.0	140.0	725.0
296.0	204.5873015873016	608.1640211640212	193.0	598.0	217.0	619.0	378.0
297.0	433.3979797979798	286.82020202020203	422.0	271.0	444.0	302.0	495.0
298.0	268.37113402061857	152.17182130584192	259.0	142.0	280.0	163.0	291.0
299.0	591.1836065573771	346.9311475409836	583.0	336.0	600.0	359.0	305.0
300.0	286.013201320132	153.0891089108911	272.0	145.0	299.0	162.0	303.0
301.0	85.73611111111111	976.3819444444445	72.0	967.0	101.0	988.0	432.0
302.0	516.6968325791855	159.7285067873303	509.0	151.0	526.0	169.0	221.0
303.0	700.8660968660969	302.0911680911681	692.0	291.0	712.0	315.0	351.0
304.0	808.2196261682243	253.77570093457945	795.0	244.0	823.0	264.0	428.0
305.0	315.0830039525692	152.10276679841897	305.0	145.0	326.0	161.0	253.0
306.0	838.9775641025641	930.4230769230769	828.0	922.0	851.0	940.0	312.0
307.0	204.03140096618358	78.8792270531401	193.0	67.0	217.0	92.0	414.0
308.0	145.63659793814432	649.3505154639175	134.0	639.0	158.0	660.0	388.0
309.0	842.655421686747	468.4	829.0	459.0	856.0	479.0	415.0
310.0	886.044	939.686	875.0	924.0	899.0	957.0	500.0
311.0	768.3603896103896	228.48701298701297	758.0	219.0	779.0	239.0	308.0
312.0	675.5896226415094	84.72405660377359	666.0	71.0	686.0	100.0	424.0
313.0	681.9208633093525	225.91606714628298	669.0	216.0	696.0	237.0	417.0
314.0	618.6265060240963	605.1295180722891	609.0	595.0	630.0	616.0	332.0
315.0	329.68333333333334	791.2516666666667	316.0	779.0	345.0	805.0	600.0
316.0	906.7946127946128	471.2390572390572	898.0	461.0	917.0	482.0	297.0
317.0	786.2344213649851	882.7774480712167	775.0	873.0	798.0	893.0	337.0
318.0	10.561844863731656	60.918238993710695	0.0	49.0	23.0	74.0	477.0
319.0	209.75555555555556	218.1	198.0	205.0	224.0	232.0	540.0
320.0	517.9322033898305	286.2135593220339	508.0	278.0	529.0	296.0	295.0
321.0	59.0757281553398	526.1844660194175	46.0	512.0	75.0	540.0	515.0
322.0	279.67736486486484	969.481418918919	268.0	953.0	292.0	986.0	592.0
323.0	618.8478802992519	686.501246882793	606.0	677.0	633.0	697.0	401.0
324.0	884.8333333333334	26.827272727272728	876.0	16.0	895.0	38.0	330.0
325.0	39.90495867768595	84.29752066115702	31.0	75.0	50.0	93.0	242.0
326.0	184.88636363636363	37.67613636363637	177.0	31.0	194.0	45.0	176.0
327.0	548.3910034602076	399.11418685121106	538.0	391.0	560.0	409.0	289.0
328.0	803.0670103092783	45.80154639175258	789.0	37.0	816.0	56.0	388.0
329.0	304.52093023255816	790.7279069767442	293.0	777.0	315.0	803.0	430.0
330.0	67.06162464985995	236.6386554621849	57.0	226.0	78.0	249.0	357.0
331.0	599.3021978021978	11.877289377289378	587.0	0.0	612.0	27.0	546.0
332.0	199.73151750972764	706.272373540856	190.0	698.0	210.0	715.0	257.0
333.0	653.4875444839857	51.73309608540925	644.0	43.0	664.0	61.0	281.0
334.0	653.5408970976254	564.4274406332454	644.0	551.0	663.0	578.0	379.0
335.0	546.6208955223881	513.8119402985075	537.0	504.0	558.0	525.0	335.0
336.0	99.06837606837607	280.79059829059827	91.0	272.0	108.0	291.0	234.0
337.0	729.734693877551	588.4198250728863	720.0	578.0	741.0	600.0	343.0
338.0	585.334375	464.571875	575.0	455.0	596.0	475.0	320.0
339.0	305.5170731707317	652.6845528455284	293.0	637.0	319.0	670.0	615.0
340.0	541.2749562171629	85.66024518388791	525.0	75.0	557.0	98.0	571.0
341.0	813.0428893905192	218.4469525959368	800.0	208.0	827.0	230.0	443.0
342.0	83.45487364620939	458.84837545126356	75.0	449.0	93.0	470.0	277.0
343.0	367.74949083503054	204.66191446028515	354.0	194.0	383.0	216.0	491.0
344.0	833.0093457943925	491.85046728971963	821.0	481.0	846.0	503.0	428.0
345.0	234.52109181141438	708.2655086848636	222.0	699.0	249.0	719.0	403.0
346.0	365.1541850220264	503.942731277533	354.0	491.0	378.0	518.0	454.0
347.0	270.53125	660.8772321428571	257.0	651.0	285.0	673.0	448.0
348.0	882.4272151898734	552.9177215189874	872.0	543.0	894.0	563.0	316.0
349.0	856.8816793893129	345.57251908396944	845.0	332.0	870.0	361.0	524.0
350.0	54.6973293768546	200.84569732937686	45.0	190.0	65.0	212.0	337.0
351.0	466.5515463917526	374.00773195876286	457.0	362.0	478.0	387.0	388.0
352.0	233.06442577030813	963.859943977591	222.0	953.0	244.0	977.0	357.0
353.0	731.4964370546319	635.0	720.0	623.0	743.0	648.0	421.0
354.0	517.7549407114625	266.32411067193675	508.0	258.0	528.0	276.0	253.0
355.0	76.09133489461358	386.85714285714283	64.0	375.0	87.0	400.0	427.0
356.0	470.8200589970501	142.48377581120943	460.0	134.0	483.0	153.0	339.0
357.0	615.5726495726495	382.3376068376068	607.0	374.0	625.0	392.0	234.0
358.0	615.3726708074535	404.80124223602485	605.0	395.0	626.0	415.0	322.0
359.0	842.6258992805756	233.11870503597123	832.0	225.0	854.0	242.0	278.0
360.0	210.68106312292358	377.19601328903656	200.0	368.0	221.0	388.0	301.0
361.0	303.0626631853786	216.85117493472586	290.0	208.0	317.0	227.0	383.0
362.0	731.6497797356828	202.91629955947135	719.0	192.0	746.0	215.0	454.0
363.0	40.19432314410481	718.2270742358079	29.0	705.0	51.0	733.0	458.0
364.0	350.9538106235566	97.95381062355658	338.0	88.0	365.0	110.0	433.0
365.0	799.2573839662447	621.0632911392405	791.0	613.0	809.0	630.0	237.0
366.0	555.2766666666666	316.965	544.0	301.0	568.0	333.0	600.0
367.0	475.35494880546077	294.2662116040956	467.0	284.0	485.0	305.0	293.0
368.0	49.36010362694301	755.5544041450777	38.0	745.0	62.0	766.0	386.0
369.0	42.860975609756096	474.45853658536583	33.0	461.0	53.0	489.0	410.0
370.0	632.1481481481482	420.05820105820106	622.0	408.0	643.0	432.0	378.0
371.0	69.03589743589744	180.3051282051282	57.0	171.0	82.0	192.0	390.0
372.0	58.442822384428226	404.4063260340633	48.0	392.0	70.0	417.0	411.0
373.0	97.08314606741573	544.8494382022471	85.0	533.0	110.0	557.0	445.0
374.0	257.2696629213483	234.75280898876406	248.0	226.0	267.0	245.0	267.0
375.0	213.2657004830918	680.8333333333334	202.0	669.0	225.0	693.0	414.0
376.0	630.8950819672131	282.48196721311473	621.0	273.0	642.0	293.0	305.0
377.0	165.21971252566735	265.15811088295686	152.0	253.0	179.0	277.0	487.0
378.0	599.0661478599221	744.0817120622568	590.0	736.0	610.0	753.0	257.0
379.0	256.6726618705036	754.7553956834532	249.0	744.0	266.0	766.0	278.0
380.0	144.55495978552278	679.426273458445	133.0	670.0	157.0	690.0	373.0
381.0	786.2150259067357	793.3756476683938	775.0	783.0	799.0	805.0	386.0
382.0	687.6386861313869	141.51459854014598	679.0	132.0	697.0	152.0	274.0
383.0	162.31475409836065	176.35081967213114	152.0	167.0	173.0	187.0	305.0
384.0	494.11809523809524	26.67238095238095	478.0	17.0	511.0	38.0	525.0
385.0	480.7230769230769	517.2461538461539	473.0	510.0	489.0	526.0	195.0
386.0	478.100185528757	63.44526901669759	465.0	49.0	490.0	80.0	539.0
387.0	410.7241379310345	88.22141560798548	396.0	76.0	424.0	103.0	551.0
388.0	78.74538745387454	356.37269372693726	70.0	348.0	89.0	366.0	271.0
389.0	237.81431767337807	987.579418344519	226.0	977.0	251.0	1001.0	447.0
390.0	485.8791423001949	535.9668615984406	472.0	525.0	501.0	547.0	513.0
391.0	870.3019271948608	862.7087794432548	860.0	850.0	883.0	876.0	467.0
392.0	206.86986301369862	353.2842465753425	197.0	344.0	218.0	363.0	292.0
393.0	372.08620689655174	24.045454545454547	357.0	11.0	388.0	38.0	638.0
394.0	876.1311827956989	494.93978494623656	865.0	482.0	888.0	508.0	465.0
395.0	220.25152129817445	769.0121703853955	210.0	754.0	231.0	784.0	493.0
396.0	232.74632352941177	564.3125	224.0	555.0	242.0	575.0	272.0
397.0	301.43791722296396	717.5287049399199	286.0	701.0	317.0	734.0	749.0
398.0	108.13362068965517	997.0905172413793	101.0	988.0	117.0	1007.0	232.0
399.0	662.5036319612591	721.3656174334141	651.0	710.0	676.0	733.0	413.0
400.0	631.3801369863014	245.41095890410958	622.0	236.0	642.0	256.0	292.0
401.0	903.6973293768546	519.1513353115727	895.0	508.0	914.0	531.0	337.0
402.0	228.59649122807016	112.83709273182957	219.0	100.0	239.0	127.0	399.0
403.0	805.9098591549296	914.5887323943662	796.0	904.0	817.0	926.0	355.0
404.0	255.875	608.1955128205128	246.0	598.0	266.0	619.0	312.0
405.0	249.31034482758622	100.33620689655173	239.0	89.0	261.0	113.0	348.0
406.0	715.5760368663595	561.552995391705	708.0	554.0	724.0	571.0	217.0
407.0	824.1635220125786	424.1781970649895	810.0	414.0	839.0	435.0	477.0
408.0	565.4508733624455	193.34497816593887	552.0	173.0	580.0	215.0	916.0
409.0	491.503355704698	351.86241610738256	482.0	342.0	501.0	363.0	298.0
410.0	371.15213946117274	151.65610142630746	357.0	137.0	386.0	168.0	631.0
411.0	187.34146341463415	937.2774390243902	177.0	928.0	199.0	949.0	328.0
412.0	640.4342857142857	614.927619047619	629.0	600.0	653.0	631.0	525.0
413.0	749.1991786447638	537.8829568788501	736.0	527.0	764.0	549.0	487.0
414.0	640.3667711598746	738.5673981191222	631.0	728.0	651.0	750.0	319.0
415.0	665.749279538905	186.2420749279539	656.0	175.0	676.0	198.0	347.0
416.0	680.1	507.88301886792453	667.0	494.0	693.0	521.0	530.0
417.0	228.70169491525425	587.4338983050848	219.0	578.0	239.0	598.0	295.0
418.0	567.2958860759494	102.92246835443038	550.0	91.0	584.0	117.0	632.0
419.0	532.0181347150259	486.23056994818654	521.0	475.0	544.0	498.0	386.0
420.0	26.330324909747294	125.98916967509025	15.0	111.0	39.0	142.0	554.0
421.0	888.5370370370371	446.0833333333333	877.0	435.0	902.0	459.0	432.0
422.0	76.37417218543047	946.0529801324503	67.0	936.0	87.0	957.0	302.0
423.0	576.3258785942492	546.0415335463259	566.0	536.0	588.0	557.0	313.0
424.0	896.7361111111111	491.49074074074076	888.0	484.0	906.0	500.0	216.0
425.0	93.36050156739812	404.2037617554859	84.0	394.0	103.0	415.0	319.0
426.0	119.32748538011695	41.44444444444444	109.0	30.0	130.0	53.0	342.0
427.0	861.2285714285714	587.1642857142857	853.0	577.0	871.0	598.0	280.0
428.0	124.54615384615384	318.66923076923075	116.0	310.0	134.0	329.0	260.0
429.0	774.5727969348659	862.051724137931	762.0	849.0	788.0	876.0	522.0
430.0	550.3542857142858	650.664	535.0	633.0	567.0	669.0	875.0
431.0	851.2819956616052	822.2733188720174	839.0	811.0	865.0	835.0	461.0
432.0	204.2297592997812	293.0240700218818	194.0	279.0	215.0	309.0	457.0
433.0	781.7948243992606	469.57855822550835	767.0	458.0	798.0	483.0	541.0
434.0	681.2980392156862	637.086274509804	670.0	623.0	694.0	652.0	510.0
435.0	718.1113924050633	495.54430379746833	708.0	484.0	730.0	508.0	395.0
436.0	181.09732360097323	881.0097323600974	169.0	870.0	194.0	893.0	411.0
437.0	868.7473684210527	616.7078947368421	858.0	605.0	880.0	629.0	380.0
438.0	758.8854489164087	829.8637770897833	749.0	820.0	770.0	840.0	323.0
439.0	392.4774951076321	611.3326810176126	380.0	597.0	405.0	625.0	511.0
440.0	801.5132158590309	527.8392070484582	790.0	515.0	813.0	541.0	454.0
441.0	766.5354330708661	911.2598425196851	758.0	902.0	777.0	921.0	254.0
442.0	379.25879917184267	60.453416149068325	365.0	50.0	394.0	73.0	483.0
443.0	603.7274826789838	283.1524249422633	593.0	271.0	615.0	297.0	433.0
444.0	912.7590822179733	853.1147227533461	901.0	840.0	926.0	867.0	523.0
445.0	155.24285714285713	943.4285714285714	147.0	936.0	164.0	952.0	210.0
446.0	651.026455026455	291.68518518518516	640.0	280.0	663.0	303.0	378.0
447.0	512.7236842105264	48.44736842105263	499.0	37.0	528.0	62.0	532.0
448.0	399.50949367088606	263.44303797468353	389.0	254.0	411.0	274.0	316.0
449.0	416.8148760330578	179.18347107438018	402.0	165.0	431.0	194.0	605.0
450.0	495.4310344827586	220.07662835249042	478.0	209.0	511.0	231.0	522.0
451.0	393.02689486552566	646.083129584352	381.0	636.0	406.0	657.0	409.0
452.0	19.03787878787879	333.04848484848486	7.0	316.0	32.0	350.0	660.0
453.0	190.24	412.44	182.0	404.0	200.0	422.0	250.0
454.0	419.8373626373626	954.9252747252747	407.0	944.0	434.0	967.0	455.0
455.0	19.026442307692307	404.07211538461536	8.0	393.0	32.0	417.0	416.0
456.0	138.0511111111111	911.2088888888889	127.0	899.0	151.0	925.0	450.0
457.0	564.4117647058823	46.24168797953964	548.0	29.0	580.0	63.0	782.0
458.0	888.186936936937	402.9256756756757	877.0	391.0	900.0	416.0	444.0
459.0	411.9543269230769	235.35817307692307	400.0	225.0	425.0	247.0	416.0
460.0	497.96699029126216	831.4582524271844	485.0	819.0	512.0	845.0	515.0
461.0	595.6183206106871	644.6692111959287	585.0	633.0	607.0	657.0	393.0
462.0	155.9561586638831	56.36951983298539	144.0	44.0	169.0	70.0	479.0
463.0	316.69312169312167	31.71693121693122	305.0	22.0	329.0	42.0	378.0
464.0	698.7325102880659	11.948559670781894	686.0	0.0	713.0	25.0	486.0
465.0	435.2105263157895	73.91902834008097	421.0	63.0	450.0	86.0	494.0
466.0	572.4704433497537	602.1009852216749	561.0	591.0	585.0	614.0	406.0
467.0	907.1651162790698	960.8116279069767	894.0	950.0	920.0	972.0	430.0
468.0	229.39638157894737	912.453947368421	215.0	899.0	245.0	927.0	608.0
469.0	132.19202898550725	472.44202898550725	118.0	461.0	147.0	485.0	552.0
470.0	423.7090558766859	564.9884393063584	410.0	553.0	438.0	579.0	519.0
471.0	401.17884130982367	491.4659949622166	389.0	481.0	414.0	503.0	397.0
472.0	776.1829268292682	9.357723577235772	767.0	1.0	786.0	18.0	246.0
473.0	432.293059125964	324.9151670951157	422.0	314.0	444.0	337.0	389.0
474.0	163.4243119266055	299.36009174311926	152.0	288.0	176.0	312.0	436.0
475.0	20.542194092827003	249.7594936708861	9.0	237.0	34.0	263.0	474.0
476.0	827.6193548387097	777.3741935483871	816.0	765.0	841.0	790.0	465.0
477.0	156.77327935222672	918.1214574898786	148.0	910.0	167.0	927.0	247.0
478.0	804.8941398865785	815.0793950850662	793.0	801.0	817.0	830.0	529.0
479.0	174.5448028673835	426.2114695340502	165.0	417.0	185.0	436.0	279.0
480.0	88.34669338677355	221.22845691382764	76.0	208.0	101.0	235.0	499.0
481.0	848.997995991984	294.64128256513027	838.0	281.0	861.0	310.0	499.0
482.0	818.6136919315403	996.9926650366748	807.0	987.0	831.0	1009.0	409.0
483.0	89.40088105726872	675.8876651982379	77.0	665.0	103.0	689.0	454.0
484.0	255.29545454545453	44.025	243.0	33.0	270.0	55.0	440.0
485.0	380.1212598425197	545.2582677165354	366.0	531.0	395.0	561.0	635.0
486.0	454.166	885.24	441.0	873.0	468.0	898.0	500.0
487.0	459.7107438016529	29.764462809917354	447.0	12.0	473.0	49.0	726.0
488.0	716.7115804806992	426.95411507647486	698.0	405.0	737.0	451.0	1373.0
